14
22
30
35
42
48
60
71
82
95
105
113
122
131
137
150
162
177
187
197
209
224
239
254
259
273
278
285
299
314
328
334
349
354
359
370
375
389
398
410
423
430
438
447
457
464
478
491
506
514
525
538
545
558
568
582
593
605
619
627
634
648
654
668
682
690
701
707
717
731
738
744
759
764
777
788
802
813
826
833
842
853
864
879
890
904
918
927
932
941
953
963
968
976
981
994
1000
1009
1015
1028
1043
1049
1055
1068
1080
1091
1101
1116
1129
1138
1145
1153
1158
1165
1171
1179
1191
1198
1206
1219
1230
1245
1259
1274
1280
1285
1294
1299
1310
1318
1325
1330
1345
1350
1363
1376
1391
1398
1409
1415
1422
1436
1448
1462
1477
1484
1495
1503
1508
1513
1521
1529
1534
1548
1562
1576
1586
1595
1610
1620
1631
1643
1655
1661
1676
1681
1694
1701
1709
1717
1726
1737
1748
1759
1767
1777
1782
1797
1810
1823
1829
1836
1841
1846
1853
1864
1872
1879
1894
1903
1915
1926
1938
1944
1954
1968
1975
1986
1991
1999
2008
2017
2024
2030
2041
2052
2063
2077
2090
2097
2110
2117
2125
2139
2144
2154
2161
2171
2176
2182
2195
2201
2210
2225
2237
2247
2253
2263
2273
2287
2292
2307
2320
2326
2331
2341
2347
2354
2367
2376
2389
2398
2403
2412
2421
2433
2441
2449
2458
2464
2478
2485
2497
2506
2519
2524
2529
2542
2549
2562
2577
2590
2603
2617
2629
2642
2656
2663
2674
2684
2697
2707
2722
2737
2749
2764
2775
2787
2798
2806
2811
2821
2828
2841
2855
2865
2876
2891
2898
2912
2919
2931
2938
2947
2952
2960
2965
2972
2978
2986
2992
2997
3010
3018
3028
3042
3047
3057
3071
3078
3083
3098
3113
3118
3131
3146
3153
3161
3173
3184
3193
3200
3212
3223
3234
3244
3249
3262
3273
3280
3286
3297
3306
3318
3333
3347
3356
3362
3371
3379
3392
3404
3413
3427
3433
3438
3444
3459
3465
3472
3486
3492
3503
3518
3528
3536
3550
3557
3567
3573
3585
3590
3598
3613
3623
3633
3638
3653
3661
3669
3681
3692
3704
3714
3729
3741
3750
3763
3770
3783
3794
3809
3822
3827
3839
3850
3860
3865
3879
3892
3902
3916
3925
3930
3935
3942
3952
3965
3975
3990
4005
4013
4018
4024
4039
4048
4055
4070
4083
4094
4106
4114
4121
4133
4141
4156
4169
4181
4195
4208
4220
4230
4236
4241
4249
4263
4268
4280
4290
4300
4315
4326
4338
4344
4359
4367
4377
4384
4397
4410
4422
4433
4442
4455
4467
4476
4488
4503
4513
4527
4540
4548
4556
4565
4570
4575
4588
4600
4608
4623
4629
4639
4648
4653
4665
4680
4686
4693
4701
4710
4718
4729
4737
4751
4757
4763
4777
4787
4797
4803
4817
4827
4838
4848
4861
4874
4880
4886
4900
4912
4921
4931
4940
4950
4963
4975
4989
5004
5014
5025
5035
5043
5056
5061
5075
5087
5099
5107
5120
5132
5142
5155
5164
5169
5183
5195
5207
5221
5227
5242
5252
5266
5276
5286
5299
5305
5313
5322
5329
5339
5354
5368
5380
5390
5398
5403
5417
5429
5444
5450
5458
5464
5474
5481
5495
5509
5520
5533
5548
5559
5566
5579
5590
5605
5612
5626
5640
5646
5658
5670
5678
5688
5693
5705
5714
5719
5727
5733
5739
5750
5762
5776
5790
5801
5808
5815
5826
5838
5847
5861
5872
5884
5889
5904
5918
5930
5942
5948
5961
5976
5981
5989
6001
6007
6020
6027
6035
6042
6051
6062
6070
6075
6081
6089
6097
6108
6117
6130
6139
6152
6162
6176
6191
6204
6216
6228
6233
6248
6254
6259
6267
6280
6288
6299
6305
6310
6325
6330
6343
6357
6371
6382
6392
6407
6413
6425
6431
6437
6451
6464
6469
6484
6494
6500
6515
6525
6531
6542
6552
6561
6570
6578
6583
6598
6609
6621
6633
6646
6652
6658
6665
6671
6686
6699
6709
6720
6726
6737
6748
6760
6765
6777
6786
6792
6807
6819
6831
6840
6847
6855
6864
6871
6886
6901
6915
6923
6931
6946
6960
6967
6977
6988
7002
7016
7027
7041
7052
7059
7073
7080
7090
7104
7109
7121
7128
7136
7142
7155
7163
7175
7181
7196
7205
7212
7221
7227
7239
7244
7251
7261
7274
7280
7289
7299
7308
7313
7327
7336
7348
7355
7369
7380
7387
7400
7415
7421
7434
7447
7457
7468
7476
7483
7490
7496
7506
7513
7519
7526
7539
7545
7559
7568
7575
7590
7599
7608
7618
7631
7641
7649
7659
7669
7682
7688
7703
7713
7728
7738
7743
7749
7758
7764
7776
7783
7798
7804
7811
7820
7831
7842
7847
7856
7870
7879
7892
7898
7912
7926
7933
7947
7962
7968
7977
7982
7995
8010
8017
8024
8035
8044
8058
8067
8076
8087
8098
8111
8124
8131
8137
8148
8162
8177
8185
8192
8200
8212
8217
8222
8230
8243
8249
8256
8269
8277
8282
8296
8305
8312
8323
8329
8336
8345
8352
8357
8372
8379
8390
8403
8414
8422
8431
8441
8449
8462
8467
8478
8487
8495
8504
8514
8524
8532
8537
8551
8564
8571
8581
8591
8596
8602
8613
8623
8632
8641
8647
8655
8660
8673
8682
8687
8698
8708
8717
8725
8731
8736
8741
8746
8753
8761
8767
8777
8784
8796
8805
8813
8821
8834
8843
8855
8870
8878
8891
8900
8907
8922
8928
8939
8953
8964
8979
8989
9001
9011
9019
9029
9035
9043
9051
9056
9062
9076
9090
9098
9106
9118
9128
9141
9156
9163
9171
9183
9197
9209
9219
9229
9243
9258
9272
9277
9290
9295
9307
9313
9319
9330
9342
9354
9360
9370
9380
9385
9397
9406
9414
9425
9435
9449
9456
9471
9485
9492
9503
9508
9519
9533
9544
9554
9560
9572
9587
9593
9602
9610
9618
9626
9638
9651
9662
9667
9681
9689
9697
9710
9720
9732
9739
9754
9763
9771
9782
9793
9801
9807
9812
9824
9834
9842
9852
9861
9874
9889
9897
9903
9913
9924
9936
9946
9954
9966
