15
26
41
49
57
68
73
86
96
108
116
131
137
151
164
174
186
197
202
217
222
230
239
246
260
266
280
293
303
314
322
335
350
364
372
378
386
397
402
415
430
439
448
457
465
480
494
502
507
517
529
534
547
558
569
582
593
607
619
630
640
655
664
678
691
706
711
726
734
740
745
760
766
777
784
797
805
817
823
830
844
855
860
865
877
889
899
912
924
932
943
952
963
969
978
991
1006
1013
1021
1035
1046
1057
1067
1074
1089
1095
1110
1117
1122
1137
1143
1158
1169
1176
1190
1204
1214
1224
1238
1244
1253
1268
1283
1292
1302
1309
1314
1320
1328
1335
1350
1365
1379
1384
1398
1406
1417
1423
1437
1449
1463
1470
1481
1491
1501
1516
1524
1533
1548
1561
1567
1573
1585
1591
1600
1609
1622
1635
1646
1658
1673
1685
1690
1704
1713
1726
1732
1745
1757
1768
1783
1794
1808
1815
1830
1835
1843
1852
1857
1870
1881
1891
1898
1903
1915
1926
1936
1949
1964
1973
1981
1993
2005
2013
2021
2029
2037
2049
2063
2075
2089
2094
2105
2118
2127
2139
2145
2153
2164
2174
2179
2193
2201
2213
2228
2235
2249
2258
2268
2274
2280
2289
2303
2316
2324
2331
2345
2350
2363
2373
2383
2398
2413
2419
2425
2436
2441
2452
2467
2475
2486
2498
2507
2518
2526
2531
2539
2547
2561
2569
2583
2588
2599
2611
2621
2634
2643
2651
2664
2676
2687
2699
2712
2718
2728
2736
2745
2760
2774
2781
2787
2797
2804
2814
2820
2834
2843
2858
2868
2883
2898
2903
2912
2925
2936
2942
2955
2961
2970
2983
2991
3005
3014
3029
3039
3054
3069
3074
3079
3091
3103
3109
3114
3123
3132
3145
3152
3161
3176
3183
3196
3201
3207
3221
3231
3237
3250
3259
3271
3279
3292
3307
3315
3320
3335
3343
3352
3357
3372
3384
3391
3406
3416
3429
3434
3441
3456
3469
3476
3486
3494
3501
3509
3517
3528
3542
3549
3560
3575
3581
3593
3599
3611
3623
3638
3650
3660
3671
3682
3688
3695
3707
3719
3728
3738
3746
3759
3770
3780
3790
3800
3815
3827
3834
3842
3854
3864
3876
3888
3897
3903
3915
3924
3929
3944
3955
3967
3974
3988
4000
4009
4017
4025
4032
4041
4049
4058
4069
4077
4084
4093
4108
4117
4123
4134
4143
4150
4159
4169
4177
4192
4197
4206
4212
4223
4229
4238
4248
4259
4266
4274
4287
4293
4302
4309
4318
4329
4343
4354
4359
4364
4370
4378
4392
4406
4414
4421
4432
4441
4454
4468
4478
4488
4497
4511
4516
4531
4537
4542
4551
4566
4573
4586
4593
4604
4617
4627
4642
4652
4666
4679
4686
4701
4712
4720
4729
4735
4742
4754
4765
4774
4787
4796
4802
4808
4818
4826
4837
4842
4852
4865
4875
4881
4895
4905
4911
4918
4924
4932
4939
4946
4954
4969
4983
4991
4998
5005
5018
5026
5038
5045
5060
5066
5075
5089
5102
5108
5118
5129
5140
5147
5155
5169
5174
5188
5200
5215
5230
5243
5257
5269
5281
5294
5300
5305
5316
5323
5332
5339
5350
5365
5379
5392
5405
5417
5424
5432
5445
5458
5470
5476
5484
5498
5508
5521
5527
5534
5544
5555
5560
5570
5581
5590
5597
5604
5611
5620
5625
5639
5647
5654
5669
5683
5697
5705
5711
5721
5734
5747
5752
5761
5773
5786
5801
5806
5821
5831
5836
5851
5866
5877
5883
5898
5907
5922
5937
5952
5961
5973
5982
5987
5998
6011
6021
6032
6042
6050
6065
6076
6088
6095
6105
6114
6127
6141
6147
6162
6170
6185
6190
6203
6215
6226
6241
6251
6265
6277
6282
6297
6304
6318
6329
6337
6349
6358
6369
6382
6391
6396
6404
6415
6424
6432
6443
6455
6467
6472
6483
6489
6502
6513
6525
6532
6544
6550
6557
6572
6581
6595
6605
6610
6622
6630
6641
6656
6666
6676
6684
6689
6698
6706
6717
6723
6734
6739
6744
6752
6759
6765
6778
6787
6799
6813
6820
6825
6835
6846
6853
6867
6878
6887
6895
6900
6909
6918
6932
6946
6959
6968
6977
6992
6999
7011
7026
7035
7045
7050
7062
7069
7078
7084
7092
7104
7114
7128
7138
7147
7152
7161
7176
7181
7187
7202
7209
7220
7228
7243
7258
7267
7274
7279
7289
7296
7305
7313
7326
7336
7349
7359
7369
7377
7387
7393
7398
7408
7413
7418
7425
7437
7446
7452
7457
7468
7475
7482
7488
7496
7510
7524
7532
7547
7557
7572
7579
7591
7603
7617
7632
7646
7655
7666
7678
7690
7702
7717
7730
7743
7750
7764
7773
7787
7796
7801
7810
7821
7828
7833
7844
7857
7862
7872
7882
7894
7904
7912
7921
7934
7947
7952
7967
7979
7984
7998
8004
8010
8018
8023
8038
8049
8059
8074
8086
8096
8103
8108
8113
8127
8135
8141
8153
8163
8173
8181
8194
8203
8217
8226
8241
8253
8262
8269
8280
8290
8298
8310
8317
8327
8334
8343
8356
8362
8374
8385
8397
8405
8417
8428
8434
8444
8452
8457
8470
8485
8499
8509
8520
8531
8539
8548
8555
8560
8567
8578
8587
8593
8599
8609
8615
8621
8633
8642
8651
8662
8669
8680
8690
8703
8718
8727
8741
8746
8757
8764
8777
8782
8789
8796
8809
8815
8821
8827
8841
8847
8853
8859
8866
8877
8886
8893
8904
8911
8916
8925
8940
8954
8962
8967
8982
8996
9006
9014
9029
9039
9048
9056
9068
9083
9088
9093
9098
9113
9120
9130
9135
9148
9157
9164
9176
9184
9194
9202
9214
9225
9237
9244
9258
9267
9274
9289
9300
9309
9324
9333
9348
9362
9368
9374
9379
9385
9396
9402
9413
9428
9442
9449
9456
9465
9471
9481
9490
9503
9514
9526
9540
9553
9565
9571
9579
9587
9602
9611
9626
9640
9654
9666
9676
9683
9698
9709
9715
9720
9726
9734
9740
9753
9763
9775
9782
9794
9803
9817
9826
9836
9851
9863
9869
9882
9891
9897
9909
9924
9934
9939
9949
9959
9967
9979
9988
10002
10008
