12
24
30
38
43
48
55
68
83
90
104
109
120
135
148
161
169
178
188
193
205
214
224
239
245
251
264
271
282
288
303
316
324
329
335
349
360
372
381
387
396
410
423
432
447
462
467
475
488
502
514
528
533
546
561
573
585
590
598
611
616
630
645
653
659
674
681
690
698
707
719
732
745
751
757
770
780
793
806
811
820
826
832
839
846
858
871
879
893
908
919
933
943
952
967
981
992
1001
1007
1015
1022
1030
1037
1048
1059
1071
1078
1086
1098
1103
1118
1130
1140
1148
1162
1171
1183
1197
1204
1212
1224
1230
1239
1253
1265
1273
1284
1289
1299
1309
1324
1338
1345
1351
1362
1369
1377
1384
1395
1409
1417
1432
1437
1446
1460
1466
1478
1484
1497
1506
1512
1525
1535
1546
1560
1574
1579
1587
1602
1611
1623
1637
1647
1652
1665
1671
1681
1690
1703
1713
1724
1734
1740
1746
1755
1770
1777
1782
1791
1806
1819
1830
1842
1856
1864
1869
1884
1897
1905
1918
1929
1939
1951
1963
1968
1978
1984
1989
2000
2005
2014
2029
2043
2058
2067
2082
2089
2104
2110
2122
2132
2143
2149
2158
2173
2182
2194
2208
2221
2230
2239
2254
2268
2277
2282
2290
2302
2309
2320
2330
2345
2360
2371
2382
2393
2402
2411
2423
2430
2442
2457
2471
2485
2498
2508
2516
2527
2541
2549
2556
2571
2578
2590
2602
2607
2615
2624
2629
2637
2643
2649
2659
2671
2681
2694
2703
2718
2729
2743
2749
2755
2768
2775
2781
2786
2797
2808
2821
2826
2831
2839
2846
2858
2868
2875
2882
2894
2909
2922
2929
2940
2945
2957
2962
2977
2989
2994
3008
3021
3031
3036
3043
3057
3071
3077
3086
3093
3108
3119
3129
3136
3148
3162
3171
3176
3190
3200
3215
3227
3234
3242
3256
3265
3271
3284
3289
3304
3312
3324
3339
3349
3356
3363
3368
3377
3388
3398
3413
3420
3430
3441
3448
3460
3473
3481
3490
3497
3502
3515
3528
3534
3548
3560
3575
3582
3591
3601
3614
3620
3628
3634
3642
3647
3656
3668
3680
3694
3706
3719
3734
3740
3751
3762
3771
3783
3792
3803
3812
3826
3838
3845
3850
3864
3878
3890
3903
3910
3916
3926
3933
3940
3949
3960
3969
3977
3990
3997
4005
4015
4026
4041
4047
4057
4069
4074
4080
4088
4097
4107
4116
4124
4135
4144
4153
4165
4173
4182
4190
4205
4213
4221
4233
4242
4249
4254
4268
4278
4293
4304
4309
4314
4321
4329
4339
4351
4362
4369
4380
4387
4402
4407
4420
4434
4443
4449
4464
4479
4486
4492
4497
4504
4513
4523
4528
4534
4542
4557
4562
4576
4583
4594
4609
4618
4627
4635
4650
4656
4669
4681
4690
4696
4708
4713
4718
4733
4740
4750
4759
4769
4783
4790
4802
4808
4820
4825
4834
4847
4855
4869
4876
4885
4899
4905
4915
4926
4934
4945
4956
4964
4974
4984
4997
5007
5014
5019
5028
5040
5054
5061
5070
5076
5081
5092
5104
5109
5119
5129
5142
5147
5161
5171
5185
5197
5204
5219
5228
5242
5251
5256
5262
5277
5282
5295
5308
5320
5325
5332
5337
5347
5359
5364
5370
5375
5381
5394
5408
5421
5428
5437
5450
5465
5480
5490
5504
5517
5524
5539
5550
5565
5574
5586
5599
5611
5621
5634
5640
5654
5659
5667
5682
5693
5699
5711
5723
5735
5743
5756
5769
5783
5792
5807
5817
5829
5834
5846
5854
5863
5872
5887
5895
5906
5913
5928
5936
5942
5954
5964
5976
5983
5992
6003
6012
6027
6042
6049
6056
6066
6078
6084
6092
6099
6106
6114
6121
6129
6142
6150
6160
6171
6176
6183
6198
6203
6208
6218
6226
6233
6242
6252
6266
6277
6284
6299
6304
6310
6317
6331
6345
6360
6370
6376
6385
6391
6401
6412
6427
6439
6444
6449
6458
6469
6483
6492
6497
6505
6510
6516
6526
6534
6541
6552
6565
6574
6585
6592
6606
6613
6628
6633
6643
6656
6663
6677
6687
6692
6705
6715
6725
6736
6750
6756
6764
6775
6781
6786
6801
6813
6827
6842
6853
6864
6877
6884
6896
6907
6918
6928
6936
6944
6955
6969
6982
6992
7005
7010
7021
7035
7044
7059
7067
7077
7089
7101
7112
7126
7134
7143
7154
7166
7178
7190
7197
7202
7215
7223
7238
7243
7254
7259
7269
7281
7292
7299
7307
7319
7332
7342
7356
7363
7369
7380
7388
7400
7405
7417
7424
7436
7444
7449
7461
7468
7481
7495
7506
7511
7520
7535
7543
7548
7560
7575
7587
7601
7612
7620
7625
7631
7636
7644
7653
7666
7680
7687
7699
7714
7725
7740
7755
7760
7771
7786
7800
7808
7818
7824
7833
7843
7855
7864
7877
7892
7901
7908
7923
7934
7943
7957
7963
7976
7985
7994
8000
8010
8024
8033
8038
8044
8051
8060
8065
8076
8083
8096
8104
8117
8128
8133
8144
8158
8164
8169
8181
8187
8198
8206
8211
8216
8228
8237
8252
8263
8274
8279
8284
8294
8305
8317
8324
8333
8346
8355
8360
8365
8379
8394
8405
8412
8423
8431
8438
8451
8461
8469
8474
8488
8494
8502
8511
8519
8531
8538
8546
8559
8573
8584
8598
8608
8620
8635
8643
8651
8666
8675
8690
8705
8718
8725
8736
8746
8756
8771
8781
8790
8798
8807
8812
8821
8826
8837
8843
8852
8858
8864
8873
8882
8895
8902
8914
8927
8939
8946
8956
8965
8976
8988
8997
9005
9010
9025
9030
9041
9050
9060
9072
9081
9088
9099
9112
9120
9132
9143
9151
9157
9163
9168
9178
9191
9199
9211
9224
9236
9246
9256
9262
9276
9289
9303
9308
9316
9323
9334
9345
9350
9358
9363
9374
9381
9388
9398
9403
9415
9426
9437
9447
9460
9465
9474
9483
9498
9509
9518
9528
9536
9541
9556
9562
9568
9573
9583
9596
9611
9622
9634
9649
9660
9665
9671
9680
9689
9695
9709
9719
9728
9733
9738
9745
9759
9768
9774
9786
9801
9811
9819
9832
9839
9851
9861
9867
9879
9884
